"DateOfGame","TeamName","Tempo","RankTempo","AdjTempo","RankAdjTempo","OE","RankOE","AdjOE","RankAdjOE","DE","RankDE","AdjDE","RankAdjDE","Pythag","RankPythag","AdjEM","RankAdjEM"
"2016-12-18","Abilene Christian",67.0815,312,66.9009,308,98.4498,232,97.9848,292,100.77,145,106.179,220,0.284213,265,-8.19464,263
"2016-12-18","Air Force",69.7722,208,69.3884,194,109.492,68,105.146,130,105.74,219,107.399,254,0.439347,188,-2.25299,188
"2016-12-18","Akron",68.06,275,67.7349,283,111.825,46,109.131,68,101.577,157,103.173,158,0.656022,91,5.95786,91
"2016-12-18","Alabama",67.4264,299,67.1501,301,101.953,172,104.333,149,93.1897,39,96.2884,48,0.715608,77,8.04478,79
"2016-12-18","Alabama A&M",65.9875,336,65.7629,331,89.9618,329,94.074,331,131.169,351,120.502,351,0.0548245,351,-26.4281,351
"2016-12-18","Alabama St.",71.9596,107,71.9696,81,83.522,347,91.1316,350,107.075,242,107.655,262,0.128284,335,-16.5235,333
"2016-12-18","Albany",67.6511,291,68.3287,256,104.811,125,104.212,154,103.062,187,104.406,183,0.494642,165,-0.194399,165
"2016-12-18","Alcorn St.",69.9938,197,70.9767,128,83.1572,348,92.5266,341,116.549,334,112.078,330,0.0993407,343,-19.5517,343
"2016-12-18","American",66.6153,326,67.503,292,92.6766,311,93.6205,334,102.608,177,106.029,216,0.192884,317,-12.4089,313
"2016-12-18","Appalachian St.",72.7691,75,71.6139,93,94.3718,297,97.9864,290,107.584,255,106.454,230,0.278244,273,-8.46777,271
"2016-12-18","Arizona",66.9219,316,67.8338,279,109.364,69,113.018,30,93.0486,38,93.9344,28,0.893489,21,19.0831,20
"2016-12-18","Arizona St.",74.8932,29,72.6662,58,107.077,94,108.807,75,109.394,278,103.736,169,0.633873,104,5.07113,102
"2016-12-18","Arkansas",72.6888,77,72.3172,68,115.924,23,113.043,29,99.3144,126,99.3579,80,0.815176,48,13.6855,44
"2016-12-18","Arkansas Pine Bluff",69.6387,213,67.7974,281,77.8071,350,86.9061,351,106.952,240,107.505,258,0.0797196,348,-20.599,347
"2016-12-18","Arkansas St.",70.5163,169,69.5735,188,107.035,96,104.671,142,97.8859,94,102.242,134,0.567093,132,2.42885,132
"2016-12-18","Army",74.9778,27,74.0605,35,103.317,153,99.2583,260,99.8616,132,105.183,200,0.339225,241,-5.92494,237
"2016-12-18","Auburn",77.6444,8,76.5001,9,105.536,116,104.482,146,93.7549,48,98.3782,72,0.666475,90,6.10411,90
"2016-12-18","Austin Peay",72.9597,69,72.7249,56,99.835,208,101.849,202,120.001,344,113.793,341,0.21835,305,-11.9447,308
"2016-12-18","Ball St.",71.913,110,70.8513,133,104.845,124,104.726,141,102.624,178,105.498,209,0.47891,172,-0.771534,172
"2016-12-18","Baylor",66.7312,321,65.9373,329,113.656,38,115.442,15,88.3456,15,92.1884,11,0.930005,10,23.2539,11
"2016-12-18","Belmont",70.7413,159,69.7024,181,101.513,178,107.29,90,105.32,212,104.871,193,0.565175,133,2.41844,133
"2016-12-18","Bethune Cookman",70.3319,178,70.0306,166,94.9508,290,95.4613,324,115.785,329,113.987,344,0.115102,341,-18.5254,341
"2016-12-18","Binghamton",68.2896,266,68.7411,231,97.7761,246,97.8281,295,104.012,194,106.411,227,0.275464,275,-8.58251,273
"2016-12-18","Boise St.",69.4344,217,72.3532,66,102.114,168,105.247,129,98.3552,105,100.316,92,0.634557,103,4.93093,103
"2016-12-18","Boston College",71.6338,118,70.9735,129,98.3901,233,98.1502,287,97.8434,93,102.055,129,0.389679,208,-3.90493,207
"2016-12-18","Boston University",71.4292,125,71.8843,85,104.524,134,105.056,132,107.109,243,106.133,218,0.470696,175,-1.07753,175
"2016-12-18","Bowling Green",73.4139,56,71.2344,116,96.288,272,99.1839,263,100.011,134,102.222,132,0.414114,200,-3.03823,198
"2016-12-18","Bradley",68.6914,249,69.1306,206,101.934,173,98.8922,275,104.404,197,104.768,188,0.339897,240,-5.87575,236
"2016-12-18","Brown",72.6237,82,73.3057,43,103.667,147,102.975,184,110.113,282,110.528,308,0.307037,254,-7.55306,258
"2016-12-18","Bryant",70.8262,151,71.5343,99,100.28,200,101.566,211,115.737,328,110.886,316,0.267051,283,-9.32004,286
"2016-12-18","Bucknell",70.2852,179,69.3728,195,104.792,128,105.516,119,102.343,173,102.724,149,0.576488,129,2.79181,129
"2016-12-18","Buffalo",72.1971,97,72.637,59,102.584,160,105.757,115,106.246,232,102.506,145,0.588813,123,3.25098,122
"2016-12-18","Butler",67.725,289,68.3698,252,115.305,30,115.369,16,93.8624,50,94.5671,30,0.907754,16,20.802,17
"2016-12-18","BYU",79.8591,4,78.9338,4,105.89,112,109.531,61,94.3122,53,98.5431,74,0.771315,61,10.9883,59
"2016-12-18","Cal Poly",67.4764,297,66.4938,321,99.3979,216,101.196,218,109.243,276,107.832,269,0.325099,244,-6.63609,245
"2016-12-18","Cal St. Bakersfield",68.8333,243,68.2895,262,99.0457,224,100.709,225,90.938,27,96.1159,45,0.631082,106,4.59343,110
"2016-12-18","Cal St. Fullerton",72.5279,84,70.9862,127,97.3195,253,97.3655,301,106.017,227,108.584,279,0.221994,302,-11.2184,304
"2016-12-18","Cal St. Northridge",75.9486,18,74.8311,25,102.32,165,105.318,127,116.524,333,110.85,315,0.356912,232,-5.53262,234
"2016-12-18","California",68.5106,254,68.3443,255,103.645,148,104.87,135,85.2495,6,91.7217,8,0.823547,44,13.1483,48
"2016-12-18","Campbell",73.0826,64,69.9881,168,94.7448,293,95.3472,325,106.614,236,108.034,272,0.192072,318,-12.6869,315
"2016-12-18","Canisius",72.6572,80,71.0773,120,106.781,103,106.244,105,107.237,249,107.812,267,0.457985,183,-1.56776,183
"2016-12-18","Central Arkansas",71.9591,108,73.2785,44,91.8269,315,97.2944,304,116.144,332,112.076,329,0.164316,324,-14.7811,326
"2016-12-18","Central Connecticut",68.4139,260,67.9001,272,92.9621,309,94.4446,328,110.378,288,112.42,333,0.118823,340,-17.9754,340
"2016-12-18","Central Michigan",76.8806,12,75.8567,14,110.803,51,109.38,65,108.28,261,108.108,274,0.533583,145,1.27216,145
"2016-12-18","Charleston Southern",69.3216,222,69.6088,185,98.7425,227,101.358,217,114.562,320,112.522,335,0.231185,298,-11.164,303
"2016-12-18","Charlotte",73.8123,48,74.3064,29,98.7009,228,103.058,183,105.811,223,106.173,219,0.415227,199,-3.11458,201
"2016-12-18","Chattanooga",69.7194,211,67.6006,288,109.757,65,109.499,62,101.434,155,100.544,99,0.727336,72,8.95473,72
"2016-12-18","Chicago St.",68.471,257,67.8727,274,87.3597,339,93.198,338,114.708,323,109.669,299,0.133365,333,-16.4711,332
"2016-12-18","Cincinnati",67.6917,290,65.5072,335,116.396,22,112.257,34,88.975,19,91.6644,7,0.911373,15,20.5922,18
"2016-12-18","Clemson",68.3611,262,68.5767,237,117.5,16,114.061,23,94.0311,52,96.7565,53,0.869,32,17.3043,30
"2016-12-18","Cleveland St.",71.1935,142,68.9824,212,94.0605,302,98.0482,289,105.024,208,103.162,157,0.357854,230,-5.11393,227
"2016-12-18","Coastal Carolina",71.2296,138,69.5767,187,97.3007,254,100.525,230,105.891,224,106.006,215,0.351925,234,-5.48155,233
"2016-12-18","Colgate",69.1581,234,67.2244,299,97.5903,250,98.9552,271,108.846,272,109.112,292,0.245336,295,-10.1569,293
"2016-12-18","College of Charleston",65.4662,341,64.3887,343,95.9635,279,99.9333,247,91.893,32,93.8231,26,0.673831,89,6.11027,89
"2016-12-18","Colorado",70.6475,163,69.9649,171,105.549,114,107.079,91,93.3537,40,95.3629,36,0.791262,56,11.7157,57
"2016-12-18","Colorado St.",68.5653,253,68.8761,219,101.663,176,104.217,153,96.1562,65,102.268,137,0.55406,137,1.94886,137
"2016-12-18","Columbia",70.4382,176,69.8578,176,104.409,135,103.657,168,113.109,311,109.599,298,0.345024,237,-5.94168,239
"2016-12-18","Connecticut",67.9953,278,68.2452,268,92.6095,312,102.52,191,97.4563,81,94.7421,31,0.712466,79,7.7783,81
"2016-12-18","Coppin St.",71.4205,126,69.9746,169,78.192,349,91.3176,348,119.38,341,111.698,325,0.0897468,346,-20.3803,346
"2016-12-18","Cornell",73.1734,62,72.2143,70,95.3474,285,99.4583,253,107.869,257,107.179,249,0.297389,261,-7.72071,261
"2016-12-18","Creighton",74.417,37,73.0272,47,119.51,10,116.235,12,94.8995,55,97.5279,61,0.882671,25,18.7071,23
"2016-12-18","Dartmouth",68.2139,267,68.6627,236,94.7102,294,97.9521,293,111.821,304,110.784,311,0.195337,316,-12.8319,317
"2016-12-18","Davidson",71.0681,145,70.5198,143,104.031,141,110.558,49,101.078,152,100.57,100,0.748183,70,9.98847,68
"2016-12-18","Dayton",70.1722,189,70.3561,154,107.022,98,109.974,57,96.2795,68,95.0865,32,0.841944,38,14.8876,39
"2016-12-18","Delaware",67.9266,281,66.9651,306,96.2333,273,97.0456,309,100.915,149,104.525,186,0.29862,260,-7.47991,256
"2016-12-18","Delaware St.",67.2475,308,66.5692,318,93.3482,304,95.8759,318,116.799,336,113.604,340,0.124424,339,-17.7286,338
"2016-12-18","Denver",68.6283,252,68.4874,242,104.132,140,103.56,170,104.528,201,104.788,189,0.466147,180,-1.2285,180
"2016-12-18","DePaul",69.8487,203,70.4798,147,107.75,90,104.018,157,99.4214,128,105.205,202,0.467419,177,-1.18717,179
"2016-12-18","Detroit",73.0102,67,71.7145,89,96.18,274,100.499,231,115.822,330,110.849,314,0.244676,296,-10.3497,297
"2016-12-18","Drake",69.2851,224,68.3281,258,95.9771,278,99.0958,267,105.664,217,107.449,256,0.282779,268,-8.35352,267
"2016-12-18","Drexel",74.1162,42,73.5476,40,102.451,163,100.177,239,106.28,233,106.863,242,0.322351,246,-6.68584,246
"2016-12-18","Duke",71.7864,115,70.2481,162,120.376,7,122.965,1,87.5474,12,92.5312,14,0.963388,1,30.4338,1
"2016-12-18","Duquesne",73.0273,66,71.9396,82,96.1276,276,98.629,281,98.5079,107,102.981,153,0.378337,214,-4.35247,213
"2016-12-18","East Carolina",66.9773,315,68.365,254,96.6066,269,97.8377,294,90.8208,26,99.4267,82,0.453814,185,-1.58901,184
"2016-12-18","East Tennessee St.",71.3069,130,72.188,72,108.298,80,106.188,107,93.4362,43,98.9054,77,0.6936,84,7.28224,84
"2016-12-18","Eastern Illinois",71.2239,140,70.4936,145,100.654,194,99.8688,249,96.3197,69,104.889,195,0.362621,225,-5.02008,225
"2016-12-18","Eastern Kentucky",72.8549,72,71.7045,90,102.236,167,103.993,158,108.645,270,107.062,245,0.417177,197,-3.06807,200
"2016-12-18","Eastern Michigan",70.7636,157,69.4382,192,108.841,72,109.532,60,109.006,273,103.646,167,0.653679,92,5.88638,92
"2016-12-18","Eastern Washington",67.2752,307,67.2786,298,110.573,54,108.079,84,114.494,319,114.332,346,0.34369,238,-6.25383,242
"2016-12-18","Elon",69.7342,210,70.2623,161,106.624,106,106.555,101,105.808,222,106.778,239,0.493972,167,-0.223675,167
"2016-12-18","Evansville",66.5836,328,66.2857,325,103.761,146,103.181,179,96.2303,66,99.1909,79,0.611477,115,3.98995,115
"2016-12-18","Fairfield",72.987,68,72.387,65,99.3416,219,101.047,219,95.8572,63,102.22,131,0.466855,178,-1.1734,178
"2016-12-18","Fairleigh Dickinson",71.2525,136,70.2435,163,99.5436,213,104.251,152,121.246,346,114.449,347,0.254771,288,-10.1985,295
"2016-12-18","FIU",66.129,333,65.5896,334,98.1109,237,98.9047,274,107.169,246,107.664,263,0.273717,276,-8.75906,277
"2016-12-18","Florida",70.242,181,69.9316,173,110.634,53,113.507,26,93.3656,41,91.2917,5,0.924472,12,22.2149,14
"2016-12-18","Florida A&M",75.5361,21,74.2578,30,95.0456,289,91.2711,349,113.986,317,113.97,343,0.0721453,350,-22.6992,350
"2016-12-18","Florida Atlantic",68.7054,248,68.8353,222,100.861,187,101.536,212,105.757,221,106.3,224,0.371152,219,-4.76385,220
"2016-12-18","Florida Gulf Coast",67.4968,296,67.8765,273,107.939,87,108.812,74,106.609,235,103.278,160,0.645727,95,5.53437,95
"2016-12-18","Florida St.",74.6521,33,73.5153,41,119.04,11,114.758,21,91.9921,33,96.0474,43,0.885628,24,18.7109,22
"2016-12-18","Fordham",68.7188,247,66.8532,310,94.166,299,98.3412,284,98.6963,113,101.354,117,0.41411,201,-3.01256,196
"2016-12-18","Fort Wayne",75.0341,26,73.0554,46,108.304,79,106.859,97,100.177,137,102.425,143,0.619474,113,4.43358,113
"2016-12-18","Fresno St.",69.2895,223,69.0383,211,102.958,156,103.089,181,98.1837,100,101.963,127,0.531526,146,1.12573,146
"2016-12-18","Furman",66.6886,323,67.3006,296,102.679,159,102.003,199,97.0987,79,102.609,146,0.482965,169,-0.606429,169
"2016-12-18","Gardner Webb",72.1281,100,72.755,52,97.9057,243,100.169,240,103.937,192,105.398,207,0.35775,231,-5.2287,229
"2016-12-18","George Mason",68.0851,274,69.2371,200,107.765,89,105.907,112,99.2847,125,102.505,144,0.592776,121,3.4018,120
"2016-12-18","George Washington",68.5021,255,68.5576,238,102.527,162,105.615,117,99.1141,121,102.223,133,0.592779,120,3.39256,121
"2016-12-18","Georgetown",71.9705,106,72.1401,75,110.202,58,110.319,52,98.8548,117,97.7808,66,0.800185,51,12.5382,54
"2016-12-18","Georgia",70.1194,191,68.7249,233,103.951,143,106.717,99,96.4519,71,96.0155,41,0.771215,62,10.7012,64
"2016-12-18","Georgia Southern",69.975,200,70.453,149,104.681,130,105.977,111,106.757,238,105.17,199,0.521962,151,0.806969,151
"2016-12-18","Georgia St.",72.1214,101,70.3551,155,101.443,181,102.819,187,98.9062,119,101.347,116,0.541353,144,1.47166,144
"2016-12-18","Georgia Tech",70.4991,170,68.2916,260,98.6172,229,102.087,197,95.3762,58,98.5263,73,0.600681,118,3.561,118
"2016-12-18","Gonzaga",71.2575,135,68.2791,264,115.349,29,115.076,18,88.7263,17,92.6387,16,0.923732,14,22.4371,13
"2016-12-18","Grambling St.",70.0518,194,69.0722,210,90.2818,325,94.5599,327,114.688,322,113.861,342,0.105636,342,-19.3016,342
"2016-12-18","Grand Canyon",70.1807,188,69.3683,196,101.9,174,103.691,166,101.73,164,104.351,181,0.481755,170,-0.660417,170
"2016-12-18","Green Bay",77.7569,7,76.6919,8,96.6162,268,101.774,205,104.486,199,101.365,118,0.511579,157,0.409139,157
"2016-12-18","Hampton",70.0194,196,69.6772,182,88.1115,337,92.0512,344,103.362,190,106.467,232,0.158,326,-14.4163,324
"2016-12-18","Hartford",72.6674,79,71.52,100,97.417,252,96.448,313,104.886,207,110.377,307,0.17489,323,-13.9293,322
"2016-12-18","Harvard",68.7554,246,69.7796,179,100.905,185,103.81,161,101.071,151,103.073,156,0.520464,152,0.736691,153
"2016-12-18","Hawaii",68.2094,268,67.8527,275,95.3384,286,98.8342,278,97.9492,95,103.015,155,0.383094,212,-4.18061,210
"2016-12-18","High Point",67.5984,293,67.6403,286,96.0469,277,99.3551,257,110.757,294,109.213,295,0.252016,292,-9.85784,292
"2016-12-18","Hofstra",71.2318,137,70.2098,164,112.132,43,110.036,56,111.606,303,109.292,297,0.519485,153,0.743602,152
"2016-12-18","Holy Cross",62.3587,348,62.1387,349,96.9109,264,100.566,228,104.542,202,102.976,152,0.432341,190,-2.40969,191
"2016-12-18","Houston",68.1813,270,67.0511,305,121.901,5,114.936,20,96.4879,72,102.392,142,0.790671,57,12.5436,53
"2016-12-18","Houston Baptist",73.8896,47,72.941,51,95.929,280,100.325,235,118.226,338,108.748,284,0.28352,267,-8.42263,269
"2016-12-18","Howard",66.8069,318,67.2796,297,92.9889,308,98.3797,282,116.002,331,110.832,313,0.202529,311,-12.4521,314
"2016-12-18","Idaho",66.9943,313,66.7298,314,94.1525,300,99.3649,256,99.6089,130,103.38,162,0.388034,209,-4.01544,209
"2016-12-18","Idaho St.",71.4478,124,69.4055,193,91.6117,318,98.6506,280,110.565,291,107.55,260,0.270274,280,-8.89903,279
"2016-12-18","Illinois",71.4809,123,67.9379,271,107.002,99,108.401,78,98.3532,104,98.2113,70,0.756799,67,10.1895,66
"2016-12-18","Illinois Chicago",74.1665,41,74.9184,23,104.733,129,101.526,213,105.416,213,107.693,264,0.336692,242,-6.16625,241
"2016-12-18","Illinois St.",69.8232,206,68.531,239,105.283,120,105.406,125,96.9529,76,97.689,64,0.705644,82,7.7167,82
"2016-12-18","Incarnate Word",74.6863,32,75.6839,17,97.075,259,99.1018,265,108.631,269,108.056,273,0.269971,281,-8.95419,280
"2016-12-18","Indiana",72.3421,93,69.9699,170,116.723,19,116.25,11,90.6345,24,95.3326,35,0.907318,17,20.9179,16
"2016-12-18","Indiana St.",71.4857,122,71.2372,115,94.881,291,99.6263,250,98.5956,110,99.7132,84,0.497493,163,-0.0868988,163
"2016-12-18","Iona",71.6837,116,71.9282,83,107.383,92,108.214,82,102.169,169,103.012,154,0.637963,101,5.20185,100
"2016-12-18","Iowa",76.1023,16,74.1245,34,109.542,67,111.13,42,102.886,183,101.039,110,0.749288,69,10.0918,67
"2016-12-18","Iowa St.",74.8521,30,70.46,148,109.79,64,111.474,39,86.9949,8,94.0788,29,0.87556,29,17.3948,29
"2016-12-18","IUPUI",71.8977,111,71.4762,101,104.946,123,104.601,144,105.737,218,103.976,176,0.517246,155,0.625844,155
"2016-12-18","Jackson St.",67.9389,279,68.3046,259,93.0015,306,96.1703,316,109.345,277,106.424,228,0.23774,297,-10.254,296
"2016-12-18","Jacksonville",67.2787,306,67.5873,289,109.58,66,104.475,148,103.118,189,107.389,253,0.421557,194,-2.9142,195
"2016-12-18","Jacksonville St.",65.6273,339,65.711,332,107.375,93,105.451,122,109.981,281,110.241,306,0.375001,215,-4.78963,221
"2016-12-18","James Madison",67.1813,311,65.5945,333,95.2731,288,99.9047,248,106.724,237,104.958,197,0.361828,226,-5.0532,226
"2016-12-18","Kansas",72.424,86,72.1439,74,120.327,8,119.865,4,93.3876,42,91.8914,9,0.95505,5,27.9736,5
"2016-12-18","Kansas St.",67.8852,283,66.645,315,114.107,35,112.355,33,87.2245,10,95.1263,34,0.871499,31,17.2288,31
"2016-12-18","Kennesaw St.",73.2213,61,72.0097,80,100.675,193,100.393,233,112.669,306,111.954,328,0.222098,301,-11.5613,306
"2016-12-18","Kent St.",70.2539,180,70.1425,165,114.371,32,107.016,92,98.1842,101,105.432,208,0.542753,143,1.58347,143
"2016-12-18","Kentucky",78.7864,5,76.1903,12,120.55,6,119.814,5,90.6843,25,91.569,6,0.956553,4,28.2454,4
"2016-12-18","La Salle",71.5585,121,71.6803,92,114.217,33,111.129,43,112.742,308,106.24,222,0.626543,109,4.88915,104
"2016-12-18","Lafayette",70.4253,177,69.4947,190,90.1834,326,96.7779,310,107.923,258,112.122,331,0.155456,327,-15.344,328
"2016-12-18","Lamar",72.1516,98,72.0202,79,96.98,263,97.7882,296,107.118,244,110.173,303,0.202404,312,-12.3846,312
"2016-12-18","Lehigh",72.2421,96,72.0368,78,109.797,63,109.482,63,103.553,191,104.327,180,0.635224,102,5.15543,101
"2016-12-18","Liberty",68.3109,265,67.5595,290,95.5833,283,98.9182,273,102.7,181,105.345,205,0.326543,243,-6.42649,243
"2016-12-18","Lipscomb",75.965,17,76.9658,5,100.754,190,101.737,206,108.689,271,108.544,277,0.321978,247,-6.80611,249
"2016-12-18","Little Rock",68.1667,271,67.0552,304,104.333,138,102.376,193,96.2481,67,101.39,119,0.527785,148,0.985639,148
"2016-12-18","LIU Brooklyn",69.2761,227,68.2521,266,102.03,171,100.635,226,107.227,247,108.982,289,0.285691,263,-8.3475,266
"2016-12-18","Long Beach St.",72.2659,95,70.3983,153,95.3715,284,104.612,143,114.648,321,104.832,191,0.493976,166,-0.219435,166
"2016-12-18","Longwood",72.5393,83,71.7893,87,89.3893,332,93.1081,339,116.596,335,113.433,339,0.0935827,345,-20.3246,345
"2016-12-18","Louisiana Lafayette",75.21,24,74.9154,24,110.186,59,106.962,94,101.701,160,104.105,178,0.577224,128,2.85738,125
"2016-12-18","Louisiana Monroe",67.3818,300,67.5251,291,97.2949,255,99.348,258,110.869,295,107.743,265,0.282348,269,-8.39469,268
"2016-12-18","Louisiana Tech",71.3969,128,70.533,142,106.858,101,104.279,151,89.4782,20,99.4735,83,0.632417,105,4.80591,106
"2016-12-18","Louisville",70.1946,185,70.6029,140,110.463,57,112.432,32,84.077,3,87.2047,1,0.948923,6,25.2269,7
"2016-12-18","Loyola Chicago",67.3565,302,67.1812,300,108.788,74,103.79,162,93.8709,51,100.333,93,0.596193,119,3.45757,119
"2016-12-18","Loyola Marymount",68.4204,259,65.9865,328,106.095,111,103.432,173,104.654,204,106.838,241,0.407907,203,-3.40631,203
"2016-12-18","Loyola MD",67.1957,310,66.6334,316,94.5422,296,98.9257,272,105.06,209,106.46,231,0.300663,257,-7.53469,257
"2016-12-18","LSU",71.8458,112,72.9477,50,105.055,122,106.142,109,98.5997,111,100.669,103,0.647686,94,5.47366,96
"2016-12-18","Maine",69.0944,236,69.9564,172,97.6111,249,95.6698,322,110.403,289,111.265,321,0.149745,329,-15.5949,330
"2016-12-18","Manhattan",73.7491,49,72.1664,73,94.1333,301,98.9619,270,106.028,228,103.723,168,0.368102,221,-4.76104,219
"2016-12-18","Marist",70.4511,174,69.2474,199,99.4185,215,101.916,201,114.06,318,111.693,323,0.258554,286,-9.77734,291
"2016-12-18","Marquette",73.6612,50,75.3027,20,117.196,18,115.287,17,99.2483,124,99.9885,87,0.837159,39,15.2984,38
"2016-12-18","Marshall",76.4921,14,76.9254,6,111.821,47,110.735,48,110.487,290,108.989,290,0.545582,141,1.74661,141
"2016-12-18","Maryland",68.087,273,68.8295,223,107.034,97,108.285,80,96.4392,70,97.5115,60,0.769437,63,10.7733,62
"2016-12-18","Maryland Eastern Shore",69.2262,231,69.0735,209,92.0531,314,96.6825,311,118.927,340,113.307,337,0.138878,332,-16.624,334
"2016-12-18","Massachusetts",74.3932,38,75.5899,19,99.1908,222,100.07,243,90.1033,22,97.2739,57,0.580773,125,2.7965,128
"2016-12-18","McNeese St.",75.6875,19,76.3348,11,86.3643,342,96.0754,317,121.67,347,112.322,332,0.142253,331,-16.2465,331
"2016-12-18","Memphis",73.0299,65,69.665,184,112.316,42,109.103,69,100.686,144,102.052,128,0.683144,85,7.05049,85
"2016-12-18","Mercer",62.3516,349,63.4623,347,100.032,203,104.543,145,113.595,313,107.566,261,0.418775,196,-3.02285,197
"2016-12-18","Miami FL",67.2988,305,67.8471,276,110.536,56,111.026,46,85.1813,5,92.7908,17,0.887289,23,18.2357,26
"2016-12-18","Miami OH",72.6833,78,71.4483,104,98.8826,225,96.3073,314,104.091,195,107.349,252,0.223,300,-11.0421,302
"2016-12-18","Michigan",63.9656,347,62.6132,348,117.289,17,114.667,22,94.9274,56,96.8709,54,0.874297,30,17.7959,28
"2016-12-18","Michigan St.",69.1795,233,68.7596,229,104.801,127,110.166,54,97.8106,92,95.9961,40,0.829668,43,14.1694,43
"2016-12-18","Middle Tennessee",66.5961,327,66.7586,313,109.097,71,108.733,76,97.5515,86,97.801,67,0.7718,60,10.9316,61
"2016-12-18","Milwaukee",64.4727,346,65.2387,336,98.0882,238,100.868,222,111.47,300,109.15,293,0.287503,262,-8.28267,264
"2016-12-18","Minnesota",72.4958,85,71.2913,111,105.478,117,106.407,103,87.552,13,93.2377,20,0.820439,46,13.1689,47
"2016-12-18","Mississippi",74.0046,45,72.7323,54,108.737,75,109.089,70,107.251,250,103.541,165,0.645699,96,5.54733,94
"2016-12-18","Mississippi St.",68.6444,251,68.2823,263,103.381,152,104.081,156,98.6489,112,101.93,125,0.559735,135,2.15038,135
"2016-12-18","Mississippi Valley St.",72.7852,73,71.316,108,83.7674,346,92.1943,343,119.517,342,111.9,326,0.0972933,344,-19.706,344
"2016-12-18","Missouri",71.306,131,71.1496,118,97.1421,257,97.5761,298,88.287,14,97.9842,68,0.488005,168,-0.408027,168
"2016-12-18","Missouri St.",67.9319,280,68.7753,227,115.517,25,106.34,104,102.358,174,104.077,177,0.56154,134,2.2634,134
"2016-12-18","Monmouth",72.4193,87,72.4808,63,108.23,82,108.887,71,98.288,103,100.508,97,0.715216,78,8.37909,77
"2016-12-18","Montana",69.8333,204,68.1167,269,102.922,157,105.518,118,105.748,220,105.668,211,0.495897,164,-0.150698,164
"2016-12-18","Montana St.",74.5153,35,73.6668,39,105.707,113,103.781,163,107.457,253,108.784,285,0.36784,223,-5.00356,224
"2016-12-18","Morehead St.",70.8065,153,69.18,204,101.489,179,102.617,189,115.625,327,107.938,271,0.358608,228,-5.32144,231
"2016-12-18","Morgan St.",71.0611,147,71.3043,110,92.9906,307,93.248,336,105.914,225,108.695,282,0.146441,330,-15.4474,329
"2016-12-18","Mount St. Mary's",70.766,156,70.7744,135,89.2142,333,95.775,321,108.527,265,104.359,182,0.271486,277,-8.58392,274
"2016-12-18","Murray St.",71.0612,146,71.0205,124,108.283,81,106.942,95,107.513,254,106.777,238,0.504433,159,0.164776,159
"2016-12-18","Navy",65.0938,342,66.4001,322,99.9,206,99.1505,264,107.265,251,107.82,268,0.276085,274,-8.66936,275
"2016-12-18","Nebraska",70.5736,167,69.1458,205,97.02,261,103.391,176,98.7689,115,95.5991,38,0.711164,80,7.7916,80
"2016-12-18","Nebraska Omaha",77.3825,9,76.1608,13,100.816,188,104.96,134,108.197,260,104.409,184,0.51513,156,0.551084,156
"2016-12-18","Nevada",70.1932,186,69.8202,178,112.351,41,109.28,66,102.12,168,100.828,104,0.716199,76,8.45168,74
"2016-12-18","New Hampshire",68.3264,264,68.4773,244,96.7191,267,102.212,195,100.126,136,101.343,115,0.52453,149,0.869075,149
"2016-12-18","New Mexico",70.675,161,70.3344,158,109.107,70,108.241,81,101.722,162,103.781,174,0.618654,114,4.45954,112
"2016-12-18","New Mexico St.",68.9125,240,68.893,217,108.502,76,104.481,147,98.278,102,99.8462,85,0.627556,108,4.63428,109
"2016-12-18","New Orleans",71.2,141,68.2902,261,92.6003,313,98.8597,276,110.315,286,106.449,229,0.299309,259,-7.58932,260
"2016-12-18","Niagara",70.0978,193,68.6743,235,104.249,139,100.63,227,110.191,285,109.069,291,0.283716,266,-8.43906,270
"2016-12-18","Nicholls St.",71.4033,127,70.4919,146,97.0615,260,100.326,234,121.025,345,112.492,334,0.211452,309,-12.1654,309
"2016-12-18","NJIT",73.3544,58,72.6741,57,98.1609,236,100.895,221,104.544,203,104.884,194,0.390339,207,-3.98882,208
"2016-12-18","Norfolk St.",67.5639,294,68.3681,253,90.1692,327,96.3025,315,112.699,307,108.628,281,0.200214,314,-12.3251,311
"2016-12-18","North Carolina",74.9205,28,73.4528,42,116.562,21,119.223,6,93.6467,47,92.5578,15,0.948405,7,26.6651,6
"2016-12-18","North Carolina A&T",64.7875,343,64.9915,338,88.1775,336,92.0109,345,114.843,324,113.35,338,0.0832776,347,-21.3394,348
"2016-12-18","North Carolina Central",69.4852,216,68.3281,257,100.721,191,101.399,215,97.0156,77,102.712,148,0.463065,182,-1.31347,181
"2016-12-18","North Carolina St.",72.1396,99,71.8002,86,111.433,50,111.993,36,101.767,165,101.263,113,0.761018,64,10.7304,63
"2016-12-18","North Dakota",72.3375,94,74.2029,31,97.8293,244,102.875,186,99.777,131,102.063,130,0.522772,150,0.812182,150
"2016-12-18","North Dakota St.",66.6775,324,67.0604,303,100.677,192,103.317,177,99.5138,129,100.668,102,0.574126,130,2.64904,130
"2016-12-18","North Florida",74.02,44,72.2629,69,91.8255,316,103.064,182,113.615,314,109.991,302,0.321245,248,-6.92701,252
"2016-12-18","North Texas",69.2828,226,69.2295,201,94.5927,295,97.5749,299,100.852,148,105.88,213,0.281034,271,-8.30464,265
"2016-12-18","Northeastern",68.7675,245,68.4217,247,106.345,110,104.805,139,105.137,210,105.553,210,0.479557,171,-0.748289,171
"2016-12-18","Northern Arizona",72.4182,88,72.7517,53,90.8815,322,93.2433,337,108.425,263,110.222,304,0.127444,336,-16.9785,335
"2016-12-18","Northern Colorado",70.6141,164,71.0257,123,92.8312,310,98.7926,279,110.19,284,108.548,278,0.252949,291,-9.75533,290
"2016-12-18","Northern Illinois",69.5511,215,68.8553,220,96.4774,270,99.5526,251,97.577,87,100.481,95,0.473332,173,-0.928605,173
"2016-12-18","Northern Iowa",66.579,329,64.6257,341,96.7546,266,102.768,188,97.7266,89,96.4601,49,0.674479,88,6.30837,88
"2016-12-18","Northern Kentucky",70.5236,168,70.4352,151,106.806,102,103.423,174,100.545,143,106.096,217,0.427136,193,-2.67391,193
"2016-12-18","Northwestern",68.1955,269,67.8441,277,111.87,45,109.385,64,93.4883,44,95.8964,39,0.819582,47,13.4891,46
"2016-12-18","Northwestern St.",70.2021,184,71.1652,117,88.0619,338,100.105,242,106.235,231,109.231,296,0.268286,282,-9.12613,282
"2016-12-18","Notre Dame",68.8398,242,68.9114,216,125.01,2,119.179,7,96.7593,73,100.494,96,0.876656,27,18.6856,24
"2016-12-18","Oakland",76.3063,15,74.7158,26,108.439,77,105.852,113,88.8863,18,101.079,111,0.629614,107,4.77259,107
"2016-12-18","Ohio",72.8556,71,71.6958,91,105.416,119,105.461,121,92.8938,37,99.8839,86,0.651319,93,5.57725,93
"2016-12-18","Ohio St.",68.7823,244,69.5724,189,106.753,104,109.18,67,91.4446,28,93.7699,25,0.851924,34,15.4101,37
"2016-12-18","Oklahoma",73.4278,55,73.9561,36,107.862,88,110.081,55,97.3383,80,97.2324,56,0.806475,50,12.8483,51
"2016-12-18","Oklahoma St.",78.5687,6,75.7561,16,117.541,15,115.057,19,98.9306,120,99.1049,78,0.847664,36,15.9524,34
"2016-12-18","Old Dominion",64.685,345,64.5283,342,90.7363,323,98.3261,285,89.506,21,93.4515,21,0.642158,97,4.87464,105
"2016-12-18","Oral Roberts",71.0058,148,70.2898,159,91.8204,317,99.979,246,112.749,309,106.575,235,0.324167,245,-6.5957,244
"2016-12-18","Oregon",70.8914,150,68.4502,245,106.902,100,111.312,40,90.1684,23,92.3881,12,0.894998,20,18.9234,21
"2016-12-18","Oregon St.",70.1589,190,67.3574,295,94.2762,298,98.9824,269,100.821,146,102.835,151,0.391959,206,-3.85234,206
"2016-12-18","Pacific",70.5875,165,68.3817,251,97.0002,262,99.2038,262,101.729,163,103.773,171,0.373368,216,-4.56881,215
"2016-12-18","Penn",66.775,319,68.5109,241,100.315,199,102.375,194,98.5162,108,102.338,141,0.501051,162,0.037422,162
"2016-12-18","Penn St.",73.325,59,73.7051,38,97.8052,245,102.021,198,97.7446,91,98.8114,75,0.590881,122,3.20963,123
"2016-12-18","Pepperdine",70.7458,158,70.4358,150,101.466,180,102.39,192,113.619,315,107.854,270,0.354845,233,-5.46336,232
"2016-12-18","Pittsburgh",69.8302,205,68.4318,246,110.097,61,111.886,37,102.311,172,100.622,101,0.77212,59,11.2645,58
"2016-12-18","Portland",74.2022,40,71.538,97,103.954,142,105.425,124,102.635,179,105.113,198,0.508524,158,0.312144,158
"2016-12-18","Portland St.",72.9454,70,72.5462,62,107.948,86,103.703,165,111.557,302,110.967,317,0.314625,253,-7.26411,253
"2016-12-18","Prairie View A&M",70.7284,160,72.09,77,88.7154,334,95.2291,326,118.55,339,109.81,300,0.162684,325,-14.5812,325
"2016-12-18","Presbyterian",66.0922,334,64.3053,344,91.5925,319,91.9809,346,119.715,343,114.299,345,0.0759839,349,-22.3179,349
"2016-12-18","Princeton",68.4906,256,68.0702,270,99.3568,218,108.056,85,101.612,158,99.3946,81,0.723292,73,8.66144,73
"2016-12-18","Providence",66.9795,314,68.2458,267,105.445,118,106.59,100,88.6733,16,93.6914,24,0.815064,49,12.8982,49
"2016-12-18","Purdue",71.8091,114,70.6267,139,116.603,20,115.748,14,92.1103,34,93.1246,19,0.924211,13,22.6234,12
"2016-12-18","Quinnipiac",74.6889,31,75.2228,21,100.009,204,99.2156,261,109.645,279,107.779,266,0.278466,272,-8.56366,272
"2016-12-18","Radford",66.5086,330,64.842,339,90.9037,321,97.0735,305,111.054,296,106.228,221,0.261848,284,-9.15463,283
"2016-12-18","Rhode Island",67.2262,309,67.4537,293,109.855,62,111.104,44,99.134,122,96.5614,50,0.833874,41,14.5428,41
"2016-12-18","Rice",73.1225,63,72.195,71,113.36,39,110.533,50,102.984,185,105.201,201,0.638448,100,5.33257,98
"2016-12-18","Richmond",70.0369,195,70.6478,138,100.796,189,105.131,131,98.36,106,102.315,140,0.577431,127,2.816,127
"2016-12-18","Rider",73.9488,46,73.7333,37,98.7703,226,99.3171,259,95.4602,59,101.713,123,0.431901,191,-2.39562,190
"2016-12-18","Robert Morris",69.3438,219,68.7643,228,85.1148,344,92.3097,342,99.3839,127,101.545,122,0.250395,293,-9.23484,284
"2016-12-18","Rutgers",67.895,282,67.3917,294,108.838,73,104.19,155,91.7791,31,101.338,114,0.579143,126,2.85268,126
"2016-12-18","Sacramento St.",67.8688,284,68.4813,243,90.5642,324,97.7013,297,113.838,316,111.036,320,0.186738,321,-13.3351,320
"2016-12-18","Sacred Heart",72.7062,76,72.6205,60,97.4458,251,96.5179,312,105.582,216,108.806,286,0.201311,313,-12.288,310
"2016-12-18","Saint Joseph's",70.0986,192,69.7205,180,101.733,175,105.439,123,104.454,198,100.977,109,0.621811,111,4.46186,111
"2016-12-18","Saint Louis",69.6432,212,68.7921,225,88.4132,335,93.0258,340,101.7,159,103.399,163,0.228686,299,-10.3731,298
"2016-12-18","Saint Mary's",61.8,350,61.2489,350,122.511,3,118.864,8,96.8153,74,97.6884,63,0.905192,18,21.1759,15
"2016-12-18","Saint Peter's",67.5139,295,66.0473,326,99.6271,211,99.4103,255,99.2462,123,101.941,126,0.428224,192,-2.53077,192
"2016-12-18","Sam Houston St.",74.6438,34,75.1759,22,98.0264,242,103.537,171,103.109,188,103.452,164,0.502355,160,0.0847652,160
"2016-12-18","Samford",68.4033,261,69.4746,191,106.675,105,103.982,159,100.426,141,106.318,225,0.436452,189,-2.33675,189
"2016-12-18","San Diego",67.4441,298,66.6281,317,101.639,177,98.3793,283,106.569,234,107.213,250,0.271136,279,-8.83383,278
"2016-12-18","San Diego St.",68.0469,276,66.8755,309,103.038,155,106.433,102,95.4847,61,96.7398,52,0.749921,68,9.69362,70
"2016-12-18","San Francisco",69.9484,201,68.9696,213,114.973,31,105.017,133,102.823,182,108.477,276,0.407869,204,-3.46001,204
"2016-12-18","San Jose St.",69.6107,214,71.746,88,94.8013,292,97.0673,306,98.0535,97,100.134,90,0.411501,202,-3.06723,199
"2016-12-18","Santa Clara",65.6227,340,64.6716,340,99.9487,205,101.675,207,100.26,140,105.945,214,0.383884,211,-4.27,212
"2016-12-18","Savannah St.",84.8265,2,81.5156,2,95.7031,282,97.3096,303,122.642,349,115.222,349,0.125315,338,-17.912,339
"2016-12-18","Seattle",69.9202,202,71.2597,113,90.0597,328,94.1046,330,100.072,135,103.368,161,0.253554,289,-9.26368,285
"2016-12-18","Seton Hall",71.2989,132,71.2668,112,108.397,78,109.614,59,95.8994,64,96.0438,42,0.820513,45,13.57,45
"2016-12-18","Siena",71.5739,120,71.3276,106,103.055,154,107.604,88,104.5,200,103.746,170,0.603444,117,3.85749,116
"2016-12-18","SIU Edwardsville",71.2875,134,71.3273,107,93.9145,303,95.7754,320,106.166,230,107.426,255,0.210787,310,-11.6509,307
"2016-12-18","SMU",65.692,338,65.8635,330,110.539,55,110.461,51,93.5785,45,96.1703,46,0.831075,42,14.291,42
"2016-12-18","South Alabama",70.4762,171,70.4983,144,98.2529,235,97.9862,291,96.9111,75,102.245,135,0.380067,213,-4.25873,211
"2016-12-18","South Carolina",67.335,303,69.2128,202,108.191,83,107.623,87,84.2983,4,90.7519,3,0.876616,28,16.8708,32
"2016-12-18","South Carolina St.",67.7847,287,69.8536,177,86.235,343,100.16,241,124.817,350,113.161,336,0.197268,315,-13.0007,318
"2016-12-18","South Dakota",71.2955,133,71.0771,121,101.326,182,100.414,232,101.387,154,104.201,179,0.395133,205,-3.78748,205
"2016-12-18","South Dakota St.",67.3297,304,67.8158,280,100.904,186,105.467,120,110.357,287,108.584,280,0.417034,198,-3.11712,202
"2016-12-18","South Florida",70.5781,166,69.3647,197,99.3971,217,98.1007,288,101.344,153,104.824,190,0.31814,250,-6.72348,247
"2016-12-18","Southeast Missouri St.",71.9863,105,71.4757,102,99.7027,210,98.9848,268,107.23,248,108.735,283,0.253426,290,-9.75046,289
"2016-12-18","Southeastern Louisiana",72.3486,92,71.5683,95,99.6047,212,99.1011,266,102.265,170,106.564,233,0.302588,256,-7.4633,255
"2016-12-18","Southern",74.3696,39,72.4089,64,98.0417,241,98.8345,277,107.169,245,106.398,226,0.299848,258,-7.5636,259
"2016-12-18","Southern Illinois",68.1589,272,66.5353,320,104.607,133,105.782,114,106.804,239,106.8,240,0.472494,174,-1.01794,174
"2016-12-18","Southern Miss",69.1937,232,68.527,240,86.397,341,94.016,332,109.081,275,108.971,288,0.154783,328,-14.9548,327
"2016-12-18","Southern Utah",73.5903,52,72.9915,48,98.3121,234,97.3405,302,114.912,325,114.797,348,0.130458,334,-17.4564,337
"2016-12-18","St. Bonaventure",72.3788,90,71.3159,109,114.052,36,111.171,41,102.425,176,101.485,120,0.740453,71,9.68599,71
"2016-12-18","St. Francis NY",70.2225,182,69.1098,208,89.8924,330,93.7189,333,112.95,310,110.801,312,0.127249,337,-17.0821,336
"2016-12-18","St. Francis PA",74.0344,43,72.5911,61,98.604,231,97.0658,308,108.614,268,111.022,318,0.175823,322,-13.9563,323
"2016-12-18","St. John's",72.3523,91,72.9865,49,107.583,91,104.729,140,97.6195,88,100.956,108,0.603941,116,3.77269,117
"2016-12-18","Stanford",69.7444,209,69.6084,186,96.1648,275,103.474,172,91.6708,29,93.6589,23,0.758806,66,9.81548,69
"2016-12-18","Stephen F. Austin",70.2042,183,68.4214,248,95.2753,287,101.813,203,108.441,264,103.774,172,0.445361,187,-1.96137,187
"2016-12-18","Stetson",77.0815,10,75.7795,15,96.8849,265,100.565,229,106.997,241,110.235,305,0.25811,287,-9.66999,288
"2016-12-18","Stony Brook",68.6761,250,68.7951,224,99.7698,209,100.293,236,108.409,262,107.177,248,0.317896,251,-6.88418,250
"2016-12-18","Syracuse",67.8675,285,68.27,265,110.782,52,109.824,58,92.6532,36,93.5821,22,0.862997,33,16.2414,33
"2016-12-18","TCU",69.3222,221,68.8362,221,113.133,40,108.87,72,95.508,62,96.6042,51,0.798127,54,12.2659,55
"2016-12-18","Temple",69.2834,225,67.7684,282,104.806,126,106.874,96,101.708,161,100.257,91,0.675926,87,6.61792,86
"2016-12-18","Tennessee",71.8159,113,72.1254,76,108.175,84,107.758,86,98.1199,98,100.125,89,0.699482,83,7.63247,83
"2016-12-18","Tennessee Martin",73.5068,54,71.8883,84,105.241,121,103.395,175,107.32,252,109.192,294,0.348111,235,-5.79713,235
"2016-12-18","Tennessee St.",69.0079,238,67.7295,284,98.0785,239,100.721,224,92.4417,35,98.1432,69,0.573998,131,2.57802,131
"2016-12-18","Tennessee Tech",70.9852,149,68.9332,215,102.096,169,100.774,223,108.563,266,109.814,301,0.271305,278,-9.04069,281
"2016-12-18","Texas",68.335,263,68.6884,234,100.563,195,105.626,116,97.4999,84,97.1759,55,0.72289,74,8.44964,75
"2016-12-18","Texas A&M",66.0813,335,65.1199,337,114.19,34,111.598,38,97.4588,82,96.0779,44,0.848392,35,15.52,36
"2016-12-18","Texas A&M Corpus Chris",70.6625,162,70.8226,134,110.18,60,105.313,128,108.116,259,106.989,244,0.454737,184,-1.67577,185
"2016-12-18","Texas Southern",69.2375,229,68.7908,226,103.459,151,106.218,106,115.108,326,107.544,259,0.464405,181,-1.32552,182
"2016-12-18","Texas St.",68.0097,277,66.0143,327,97.2429,256,95.8019,319,97.5135,85,103.775,173,0.285094,264,-7.97304,262
"2016-12-18","Texas Tech",68.4682,258,66.3402,324,118.928,12,112.944,31,87.2154,9,95.1091,33,0.878301,26,17.8346,27
"2016-12-18","The Citadel",84.9556,1,84.2214,1,108.009,85,106.088,110,121.856,348,118.809,350,0.213771,307,-12.7209,316
"2016-12-18","Toledo",72.7728,74,71.255,114,105.545,115,106.813,98,105.934,226,104.937,196,0.550747,139,1.8752,139
"2016-12-18","Towson",69.33,220,69.8953,175,104.374,137,104.288,150,98.8711,118,103.583,166,0.519472,154,0.704288,154
"2016-12-18","Troy",71.0736,144,71.0287,122,100.514,197,100.045,244,100.182,139,105.237,203,0.358484,229,-5.19299,228
"2016-12-18","Tulane",73.3988,57,71.5369,98,99.2223,221,100.246,237,108.602,267,107.159,247,0.317158,252,-6.9127,251
"2016-12-18","Tulsa",69.8139,207,70.5441,141,100.558,196,103.592,169,100.469,142,101.497,121,0.55847,136,2.09501,136
"2016-12-18","UAB",69.9825,198,70.2728,160,103.804,145,106.17,108,98.7308,114,100.906,107,0.642157,98,5.26345,99
"2016-12-18","UC Davis",70.1925,187,70.9108,131,97.1273,258,99.5169,252,104.723,205,106.281,223,0.319467,249,-6.76402,248
"2016-12-18","UC Irvine",66.8838,317,69.2125,203,89.8907,331,97.0663,307,100.182,138,98.2136,71,0.466269,179,-1.1473,177
"2016-12-18","UC Riverside",70.8208,152,70.6647,137,83.8335,345,94.2082,329,112.035,305,105.246,204,0.218551,304,-11.0379,301
"2016-12-18","UC Santa Barbara",70.7839,154,69.1107,207,91.5286,320,100.044,245,117.854,337,107.462,257,0.305216,255,-7.41818,254
"2016-12-18","UCF",67.3662,301,67.0652,302,100.463,198,101.781,204,85.4773,7,95.4526,37,0.676599,86,6.32803,87
"2016-12-18","UCLA",77.0781,11,76.487,10,126.09,1,121.805,3,97.0622,78,97.7397,65,0.926308,11,24.0654,9
"2016-12-18","UMass Lowell",75.6149,20,74.146,33,102.38,164,101.509,214,110.705,293,111.688,322,0.249936,294,-10.1789,294
"2016-12-18","UMBC",70.4641,172,70.3416,157,112.033,44,104.809,138,106.044,229,110.737,310,0.346888,236,-5.92834,238
"2016-12-18","UMKC",75.1284,25,72.73,55,99.8512,207,102.548,190,111.313,299,107.273,251,0.373312,217,-4.72506,217
"2016-12-18","UNC Asheville",67.7579,288,67.8426,278,99.1812,223,102.878,185,101.956,166,101.124,112,0.54929,140,1.7544,140
"2016-12-18","UNC Greensboro",64.7781,344,67.7001,285,103.835,144,103.259,178,97.4897,83,103.182,159,0.502154,161,0.0773237,161
"2016-12-18","UNC Wilmington",69.129,235,69.6759,183,118.793,13,113.771,24,102.267,171,100.882,105,0.799435,52,12.8895,50
"2016-12-18","UNLV",72.642,81,70.9365,130,102.299,166,102.096,196,102.644,180,103.906,175,0.449641,186,-1.81027,186
"2016-12-18","USC",71.6,119,71.3593,105,115.462,27,112.107,35,94.5087,54,97.32,58,0.835706,40,14.7865,40
"2016-12-18","USC Upstate",69.9804,199,68.9629,214,104.624,132,104.868,136,111.249,298,111.033,319,0.341425,239,-6.16512,240
"2016-12-18","UT Arlington",69.2275,230,70.0306,167,102.701,158,108.315,79,98.0443,96,97.3747,59,0.772859,58,10.9407,60
"2016-12-18","UT Rio Grande Valley",75.3765,22,74.1543,32,101.024,184,97.5279,300,109.029,274,110.556,309,0.191251,319,-13.028,319
"2016-12-18","Utah",71.2268,139,68.759,230,115.43,28,111.096,45,98.1399,99,100.525,98,0.759484,65,10.5709,65
"2016-12-18","Utah St.",71.3279,129,68.4101,250,97.6869,247,103.738,164,98.5885,109,101.821,124,0.553436,138,1.91756,138
"2016-12-18","Utah Valley",79.8748,3,79.461,3,102.541,161,101.365,216,105.301,211,106.613,236,0.35883,227,-5.24757,230
"2016-12-18","UTEP",70.4578,173,69.2719,198,99.5365,214,99.4133,254,110.137,283,108.949,287,0.258596,285,-9.5352,287
"2016-12-18","UTSA",71.9431,109,70.6983,136,87.1344,340,93.3156,335,97.7416,90,104.593,187,0.212144,308,-11.2776,305
"2016-12-18","Valparaiso",72.4163,89,70.9905,126,103.492,150,107.305,89,99.8814,133,98.8752,76,0.719285,75,8.43003,76
"2016-12-18","Vanderbilt",67.6136,292,68.4126,249,106.508,107,108.201,83,101.027,150,100.052,88,0.711052,81,8.14937,78
"2016-12-18","VCU",68.871,241,70.401,152,103.598,149,108.464,77,95.4767,60,96.2279,47,0.798443,53,12.2366,56
"2016-12-18","Vermont",66.3466,332,66.843,312,106.469,109,106.969,93,103.038,186,102.275,138,0.626235,110,4.69445,108
"2016-12-18","Villanova",66.7011,322,66.5506,319,119.954,9,121.976,2,93.795,49,92.5272,13,0.959988,3,29.4492,2
"2016-12-18","Virginia",59.96,351,59.1352,351,118.775,14,117.092,9,78.6135,2,88.7705,2,0.960243,2,28.3213,3
"2016-12-18","Virginia Tech",71.6813,117,70.9083,132,115.498,26,113.178,27,95.3544,57,97.5835,62,0.84617,37,15.5941,35
"2016-12-18","VMI",70.45,175,71.1023,119,95.7725,281,98.3036,286,113.137,312,111.698,324,0.187101,320,-13.3941,321
"2016-12-18","Wagner",65.8593,337,64.0338,346,99.2794,220,102.002,200,105.554,215,106.912,243,0.368034,222,-4.91006,222
"2016-12-18","Wake Forest",70.7818,155,71.4557,103,113.804,37,113.525,25,102.894,184,100.906,106,0.79495,55,12.6184,52
"2016-12-18","Washington",76.8292,13,76.7965,7,111.731,48,110.817,47,107.796,256,105.366,206,0.641073,99,5.45062,97
"2016-12-18","Washington St.",72.0825,103,71.5599,96,98.6101,230,101.605,209,102.368,175,104.462,185,0.420945,195,-2.85693,194
"2016-12-18","Weber St.",69.2422,228,66.3594,323,97.6311,248,101.621,208,101.553,156,102.764,150,0.467897,176,-1.14268,176
"2016-12-18","West Virginia",75.3087,23,74.4907,27,122.485,4,116.018,13,77.8114,1,90.8366,4,0.94342,8,25.1814,8
"2016-12-18","Western Carolina",68.9361,239,66.9291,307,74.2405,351,91.3345,347,105.551,214,102.257,136,0.214326,306,-10.9225,299
"2016-12-18","Western Illinois",67.8142,286,68.73,232,93.3366,305,95.6209,323,103.979,193,106.653,237,0.221728,303,-11.0316,300
"2016-12-18","Western Kentucky",69.075,237,68.8889,218,96.3491,271,100.228,238,104.352,196,104.86,192,0.37296,218,-4.63186,216
"2016-12-18","Western Michigan",72.0859,102,71.5973,94,100.235,201,103.815,160,111.233,297,108.172,275,0.383937,210,-4.35777,214
"2016-12-18","Wichita St.",72.0534,104,69.9301,174,111.581,49,110.291,53,87.2933,11,91.9908,10,0.889588,22,18.3007,25
"2016-12-18","William & Mary",71.1813,143,71.0017,125,104.665,131,108.838,73,111.476,301,107.148,246,0.544883,142,1.69047,142
"2016-12-18","Winthrop",73.6357,51,73.1602,45,100.076,202,105.344,126,102.006,167,102.311,139,0.583201,124,3.03269,124
"2016-12-18","Wisconsin",66.4625,331,64.1793,345,115.897,24,116.857,10,91.7342,30,92.831,18,0.933821,9,24.0255,10
"2016-12-18","Wofford",66.6219,325,66.8472,311,98.0623,240,101.579,210,109.84,280,106.572,234,0.365463,224,-4.99222,223
"2016-12-18","Wright St.",73.2986,60,72.3355,67,101.132,183,100.919,220,104.847,206,105.673,212,0.370662,220,-4.75416,218
"2016-12-18","Wyoming",74.4875,36,75.6586,18,104.401,136,103.684,167,98.7816,116,102.675,147,0.528091,147,1.00919,147
"2016-12-18","Xavier",69.4111,218,70.3494,156,107.067,95,113.173,28,93.5919,46,93.8601,27,0.895836,19,19.3129,19
"2016-12-18","Yale",66.7621,320,67.6122,287,106.491,108,104.831,137,100.845,147,100.457,94,0.620136,112,4.37399,114
"2016-12-18","Youngstown St.",73.5186,53,74.4004,28,102.044,170,103.167,180,110.677,292,111.902,327,0.281979,270,-8.73509,276
